[app/ui]
version = 9.0.1
modtime = 1662563438.452034000

[app/launcher]
version = 9.0.1
modtime = 1662563438.453553000
